@Using Triangular Membership Functions as antecedent fuzzy sets

@Number of Labels in Variable 1: 5
3.61646249686014:
L_0(5): (-5.953374441042123,-1.9626556577104048,2.0280631256213137)
L_1(5): (-1.9626556577104048,2.0280631256213137,6.0187819089530326)
L_2(5): (2.0280631256213137,6.0187819089530326,10.00950069228475)
L_3(5): (6.018781908953033,10.009500692284751,14.00021947561647)
L_4(5): (10.00950069228475,14.000219475616468,17.990938258948187)


@Number of Labels in Variable 2: 5
11.61879710931984:
L_0(5): (-5.977929124634078,-1.9838712696494267,2.010186585335224)
L_1(5): (-1.9838712696494267,2.010186585335224,6.004244440319875)
L_2(5): (2.010186585335224,6.004244440319875,9.998302295304526)
L_3(5): (6.004244440319875,9.998302295304526,13.992360150289176)
L_4(5): (9.998302295304526,13.992360150289176,17.986418005273826)
