@Using Triangular Membership Functions as antecedent fuzzy sets

@Number of Labels in Variable 1: 5
sepalLength:
L_0(5): (2.9500002500396336,3.850000250039634,4.750000250039634)
L_1(5): (3.850000250039634,4.750000250039634,5.650000250039634)
L_2(5): (4.750000250039635,5.650000250039635,6.550000250039635)
L_3(5): (5.650000250039634,6.550000250039634,7.4500002500396345)
L_4(5): (6.550000250039634,7.4500002500396345,8.350000250039635)


@Number of Labels in Variable 2: 5
sepalWidth:
L_0(5): (1.1000001666930894,1.7000001666930895,2.30000016669309)
L_1(5): (1.7000001666930895,2.30000016669309,2.90000016669309)
L_2(5): (2.30000016669309,2.90000016669309,3.50000016669309)
L_3(5): (2.90000016669309,3.50000016669309,4.10000016669309)
L_4(5): (3.50000016669309,4.10000016669309,4.70000016669309)


@Number of Labels in Variable 3: 5
petalLength:
L_0(5): (-1.2124995902128215,0.2625004097871786,1.7375004097871787)
L_1(5): (0.2625004097871786,1.7375004097871787,3.2125004097871788)
L_2(5): (1.7375004097871787,3.2125004097871788,4.687500409787179)
L_3(5): (3.2125004097871788,4.687500409787179,6.162500409787179)
L_4(5): (4.687500409787179,6.162500409787179,7.637500409787179)


@Number of Labels in Variable 4: 5
petalWidth:
L_0(5): (-0.7999998333069104,-0.19999983330691037,0.4000001666930896)
L_1(5): (-0.19999983330691037,0.4000001666930896,1.0000001666930896)
L_2(5): (0.4000001666930895,1.0000001666930896,1.6000001666930894)
L_3(5): (1.0000001666930898,1.6000001666930896,2.2000001666930897)
L_4(5): (1.6000001666930894,2.2000001666930897,2.80000016669309)
