@Using Triangular Membership Functions as antecedent fuzzy sets

@Number of Labels in Variable 1: 5
sepalLength:
L_0(5): (2.954852693952916,3.854852693952916,4.754852693952917)
L_1(5): (3.854852693952916,4.754852693952917,5.6548526939529165)
L_2(5): (4.754852693952917,5.6548526939529165,6.554852693952917)
L_3(5): (5.6548526939529165,6.554852693952917,7.454852693952917)
L_4(5): (6.554852693952917,7.454852693952917,8.354852693952918)


@Number of Labels in Variable 2: 5
sepalWidth:
L_0(5): (1.1032351293019442,1.7032351293019443,2.3032351293019446)
L_1(5): (1.7032351293019443,2.3032351293019446,2.9032351293019447)
L_2(5): (2.3032351293019446,2.9032351293019447,3.503235129301945)
L_3(5): (2.9032351293019447,3.503235129301945,4.103235129301945)
L_4(5): (3.503235129301945,4.103235129301945,4.7032351293019445)


@Number of Labels in Variable 3: 5
petalLength:
L_0(5): (-1.2045469737993868,0.2704530262006133,1.7454530262006134)
L_1(5): (0.2704530262006133,1.7454530262006134,3.2204530262006132)
L_2(5): (1.7454530262006134,3.2204530262006132,4.695453026200614)
L_3(5): (3.2204530262006132,4.695453026200614,6.170453026200613)
L_4(5): (4.695453026200614,6.170453026200613,7.645453026200613)


@Number of Labels in Variable 4: 5
petalWidth:
L_0(5): (-0.7967648706980556,-0.19676487069805557,0.4032351293019444)
L_1(5): (-0.19676487069805557,0.4032351293019444,1.0032351293019444)
L_2(5): (0.40323512930194433,1.0032351293019444,1.6032351293019442)
L_3(5): (1.0032351293019446,1.6032351293019445,2.2032351293019445)
L_4(5): (1.6032351293019442,2.2032351293019445,2.8032351293019446)
