@Using Triangular Membership Functions as antecedent fuzzy sets

@Number of Labels in Variable 1: 5
sepalLength:
L_0(5): (3.3646039076197565,4.264603907619757,5.164603907619758)
L_1(5): (4.221613948895469,5.12161394889547,6.021613948895469)
L_2(5): (5.4328901055842245,6.332890105584224,7.232890105584224)
L_3(5): (6.15610300421823,7.0561030042182304,7.956103004218231)
L_4(5): (6.775539261467315,7.675539261467315,8.575539261467316)


@Number of Labels in Variable 2: 5
sepalWidth:
L_0(5): (1.3568455941029613,1.9568455941029614,2.5568455941029615)
L_1(5): (1.834552976894495,2.434552976894495,3.034552976894495)
L_2(5): (2.6161407524141977,3.216140752414198,3.816140752414198)
L_3(5): (3.3640434996531874,3.9640434996531875,4.564043499653188)
L_4(5): (3.7577553438042397,4.357755343804239,4.957755343804239)


@Number of Labels in Variable 3: 5
petalLength:
L_0(5): (-0.4735955995327837,1.0014044004672165,2.4764044004672163)
L_1(5): (1.1299383553744367,2.6049383553744367,4.079938355374437)
L_2(5): (2.778929011098866,4.253929011098866,5.728929011098867)
L_3(5): (3.945648601162271,5.420648601162271,6.895648601162271)
L_4(5): (5.573987295114494,7.048987295114494,8.523987295114495)


@Number of Labels in Variable 4: 5
petalWidth:
L_0(5): (-0.4819312845272277,0.1180687154727723,0.7180687154727723)
L_1(5): (0.11833183099192279,0.7183318309919228,1.3183318309919227)
L_2(5): (0.694991872360635,1.294991872360635,1.894991872360635)
L_3(5): (1.312591040423535,1.912591040423535,2.512591040423535)
L_4(5): (1.885861469265196,2.485861469265196,3.085861469265196)
