@Using Triangular Membership Functions as antecedent fuzzy sets

@Number of Labels in Variable 1: 5
f1:
L_0(5): (-5.738396518699202,-1.7858965186992015,2.1666034813007986)
L_1(5): (-1.7858965186992015,2.1666034813007986,6.119103481300799)
L_2(5): (2.1666034813007986,6.119103481300799,10.071603481300798)
L_3(5): (6.1191034813008,10.071603481300798,14.024103481300799)
L_4(5): (10.071603481300798,14.024103481300799,17.9766034813008)


@Number of Labels in Variable 2: 5
f2:
L_0(5): (-4.499731702997496,-1.4997317029974964,1.5002682970025036)
L_1(5): (-1.4997317029974964,1.5002682970025036,4.500268297002504)
L_2(5): (1.5002682970025036,4.500268297002504,7.500268297002504)
L_3(5): (4.500268297002504,7.500268297002504,10.500268297002503)
L_4(5): (7.500268297002504,10.500268297002503,13.500268297002503)
