@Using Triangular Membership Functions as antecedent fuzzy sets

@Number of Labels in Variable 1: 5
f1:
L_0(5): (-5.681109985078805,-1.7166099850788048,2.247890014921196)
L_1(5): (-1.7166099850788048,2.247890014921196,6.212390014921196)
L_2(5): (2.247890014921196,6.212390014921196,10.176890014921195)
L_3(5): (6.212390014921197,10.176890014921195,14.141390014921196)
L_4(5): (10.176890014921195,14.141390014921196,18.105890014921197)


@Number of Labels in Variable 2: 5
f2:
L_0(5): (-5.536572921245462,-1.6010729212454624,2.334427078754538)
L_1(5): (-1.6010729212454624,2.334427078754538,6.269927078754537)
L_2(5): (2.334427078754538,6.269927078754537,10.20542707875454)
L_3(5): (6.269927078754536,10.205427078754537,14.140927078754537)
L_4(5): (10.20542707875454,14.140927078754538,18.076427078754538)
